FF FF FF 77             
00 00 00 88             
00 00 4F 00             
00 00 00 00 00 00 00 00 
FF FF FF FF FF FF FF FF 
00 00 00 00 00 00 00 00 
20 16 07 21 10 30 40 00 
00 00 00 00             
00 00 00 00 00 00 00 00 
00 00 00 00             
00 00 00 50             
00 00 00 00 00 00 00 00
00 00 00 00 00 00 00 00
00 00 00 00 00 00 00 00
00 00 00 00 00 00 00 00
00 00 00 00 00 00 00 00
00 00 00 00 00 00 00 00
00 00 00 00 00 00 00 00
00 00 00 00 00 00 00 00
00 00 00 00 00 00 00 00
00 00 00 00 00 00 00 00
